2 0.27 0.4 0.06 0.09
2 0.35 0.42 0.06 0.09
2 0.42 0.43 0.07 0.11
2 0.52 0.39 0.07 0.11
2 0.6 0.4 0.06 0.1
2 0.68 0.42 0.08 0.12
2 0.77 0.41 0.07 0.1
2 0.92 0.43 0.1 0.15
2 0.33 0.81 0.1 0.15
2 0.47 0.78 0.09 0.13
2 0.58 0.8 0.09 0.14
2 0.82 0.82 0.09 0.14
6 0.37 0.65 0.07 0.09
6 0.45 0.52 0.03 0.05
2 0.04 0.08 0.07 0.07
2 0.15 0.09 0.1 0.12
2 0.25 0.09 0.08 0.14
2 0.36 0.09 0.1 0.17
2 0.49 0.07 0.06 0.14
2 0.54 0.05 0.08 0.09
2 0.63 0.06 0.12 0.12
2 0.72 0.06 0.05 0.12
2 0.81 0.07 0.08 0.13
2 0.18 0.39 0.08 0.1
2 0.09 0.42 0.1 0.16
2 0.93 0.04 0.09 0.09
2 0.24 0.78 0.07 0.17
2 0.18 0.76 0.06 0.14
2 0.09 0.73 0.11 0.11