0 0.21 0.37 0.07 0.08
0 0.4 0.36 0.1 0.1
0 0.57 0.36 0.11 0.15
0 0.69 0.37 0.13 0.12
0 0.8 0.37 0.08 0.12
0 0.93 0.37 0.11 0.12
0 0.32 0.77 0.06 0.07
0 0.59 0.74 0.11 0.12
0 0.72 0.77 0.14 0.11
0 0.97 0.78 0.06 0.1
8 0.2 0.47 0.04 0.06
12 0.81 0.65 0.04 0.11
12 0.85 0.66 0.06 0.11
0 0.13 0.71 0.09 0.1
0 0.09 0.36 0.14 0.11
8 0.15 0.55 0.04 0.08
8 0.2 0.56 0.07 0.08
0 0.35 0.72 0.05 0.09
0 0.4 0.73 0.05 0.09
0 0.45 0.75 0.05 0.09
12 0.46 0.69 0.03 0.04
0 0.5 0.75 0.05 0.09
0 0.87 0.77 0.06 0.06
0 0.48 0.37 0.05 0.09
0 0.31 0.37 0.06 0.11
0 0.08 0.03 0.13 0.05