0 0.23 0.35 0.11 0.09
0 0.33 0.35 0.1 0.08
0 0.45 0.34 0.06 0.07
0 0.69 0.31 0.15 0.12
0 0.88 0.31 0.06 0.09
0 0.96 0.3 0.08 0.08
0 0.23 0.7 0.08 0.1
0 0.4 0.67 0.13 0.14
0 0.59 0.71 0.1 0.11
0 0.66 0.7 0.05 0.1
0 0.73 0.69 0.07 0.09
0 0.84 0.69 0.14 0.13
6 0.29 0.46 0.06 0.08
9 0.96 0.46 0.07 0.16
6 0.24 0.52 0.05 0.07
6 0.28 0.55 0.04 0.07
6 0.33 0.53 0.04 0.07
0 0.11 0.71 0.08 0.09
0 0.51 0.69 0.05 0.07
0 0.47 0.69 0.02 0.05
0 0.96 0.68 0.08 0.1
9 0.87 0.5 0.1 0.11
0 0.83 0.36 0.05 0.07
0 0.81 0.31 0.04 0.06
0 0.59 0.33 0.04 0.03
12 0.51 0.32 0.03 0.05
12 0.5 0.23 0.06 0.1
0 0.09 0.03 0.07 0.05