11 0.23 0.38 0.08 0.18
11 0.41 0.38 0.15 0.17
11 0.57 0.39 0.09 0.13
11 0.84 0.41 0.09 0.14
11 0.94 0.4 0.11 0.14
11 0.36 0.74 0.11 0.13
11 0.5 0.74 0.12 0.11
11 0.61 0.74 0.13 0.11
11 0.74 0.76 0.07 0.13
12 0.3 0.55 0.07 0.14
5 0.91 0.58 0.04 0.07
11 0.17 0.72 0.04 0.06
11 0.05 0.71 0.03 0.05
10 0.89 0.86 0.05 0.05
5 0.85 0.55 0.07 0.1
11 0.75 0.38 0.13 0.19
11 0.02 0.06 0.03 0.06
11 0.08 0.04 0.06 0.08
11 0.24 0.04 0.11 0.08
11 0.35 0.06 0.1 0.11
11 0.48 0.04 0.12 0.08
11 0.71 0.05 0.29 0.1
11 0.97 0.04 0.07 0.08