0 0.25 0.31 0.05 0.08
0 0.29 0.31 0.03 0.05
0 0.32 0.32 0.03 0.05
0 0.38 0.32 0.05 0.07
0 0.44 0.3 0.04 0.06
0 0.48 0.3 0.03 0.04
0 0.53 0.3 0.06 0.09
0 0.6 0.31 0.06 0.07
0 0.71 0.29 0.07 0.06
0 0.76 0.28 0.03 0.07
0 0.96 0.28 0.07 0.08
0 0.21 0.66 0.02 0.04
0 0.29 0.66 0.04 0.05
0 0.34 0.65 0.03 0.04
0 0.38 0.66 0.03 0.05
0 0.45 0.66 0.07 0.05
0 0.49 0.66 0.03 0.06
0 0.61 0.67 0.06 0.07
0 0.75 0.66 0.09 0.07
8 0.27 0.51 0.06 0.1
6 0.77 0.48 0.05 0.07
6 0.89 0.4 0.07 0.07
0 0.05 0.65 0.03 0.05
0 0.09 0.66 0.05 0.04
0 0.02 0.96 0.04 0.03
0 0.13 0.98 0.05 0.04
0 0.18 0.97 0.04 0.04
0 0.23 0.97 0.03 0.05
0 0.54 0.67 0.05 0.07
0 0.96 0.66 0.07 0.07
0 0.84 0.28 0.02 0.06
0 0.81 0.28 0.02 0.06
0 0.21 0.34 0.02 0.04
0 0.16 0.33 0.04 0.03
0 0.14 0.02 0.07 0.04
6 0.89 0.47 0.05 0.04