12 0.4 0.5 0.09 0.23
12 0.44 0.6 0.05 0.14
12 0.45 0.42 0.05 0.11
7 0.39 0.11 0.02 0.04
7 0.47 0.09 0.02 0.06
7 0.51 0.1 0.05 0.09
7 0.67 0.08 0.03 0.05
7 0.6 0.09 0.02 0.03
7 0.71 0.09 0.03 0.06
7 0.9 0.08 0.04 0.05
7 0.98 0.06 0.04 0.08
7 0.78 0.83 0.03 0.05
7 0.79 0.89 0.04 0.08
7 0.74 0.87 0.01 0.05
7 0.71 0.9 0.02 0.08
7 0.49 0.9 0.04 0.1
7 0.45 0.87 0.01 0.04
7 0.94 0.94 0.05 0.09
7 0.28 0.88 0.02 0.13
7 0.24 0.9 0.02 0.07
7 0.23 0.89 0.02 0.06
7 0.19 0.89 0.03 0.06
7 0.15 0.9 0.03 0.06
7 0.12 0.86 0.02 0.06
7 0.06 0.12 0.05 0.08