10 0.25 0.37 0.06 0.05
10 0.31 0.37 0.03 0.04
10 0.35 0.37 0.04 0.05
10 0.39 0.36 0.03 0.05
10 0.44 0.38 0.04 0.05
10 0.48 0.38 0.03 0.04
10 0.53 0.37 0.07 0.06
10 0.61 0.39 0.05 0.06
10 0.68 0.38 0.04 0.06
10 0.73 0.38 0.02 0.03
10 0.76 0.38 0.04 0.06
10 0.88 0.4 0.03 0.03
10 0.92 0.39 0.04 0.05
10 0.97 0.39 0.05 0.05
10 0.27 0.7 0.03 0.04
10 0.31 0.72 0.04 0.02
10 0.36 0.71 0.05 0.04
10 0.45 0.73 0.05 0.05
10 0.54 0.74 0.05 0.05
10 0.6 0.74 0.04 0.04
10 0.66 0.74 0.03 0.06
10 0.74 0.74 0.06 0.05
10 0.81 0.77 0.06 0.05
10 0.86 0.76 0.04 0.05
10 0.92 0.77 0.03 0.04
5 0.29 0.56 0.04 0.06
5 0.31 0.54 0.03 0.06
8 0.87 0.58 0.05 0.07
10 0.48 0.03 0.03 0.06
10 0.44 0.03 0.04 0.05
10 0.4 0.03 0.03 0.05
10 0.34 0.03 0.05 0.06
10 0.26 0.03 0.06 0.06
10 0.21 0.04 0.03 0.07
10 0.17 0.04 0.04 0.06
10 0.13 0.05 0.04 0.05
10 0.1 0.36 0.05 0.04
10 0.14 0.37 0.04 0.05
10 0.19 0.37 0.05 0.06
10 0.65 0.39 0.02 0.04
10 0.83 0.38 0.03 0.05
10 0.24 0.72 0.03 0.03
10 0.95 0.77 0.04 0.05
10 0.89 0.77 0.02 0.03
10 0.99 0.76 0.02 0.04
10 0.8 0.02 0.03 0.04
10 0.84 0.03 0.05 0.05