6 0.36 0.64 0.09 0.15
6 0.3 0.61 0.16 0.27
4 0.13 0.21 0.15 0.1
4 0.03 0.22 0.06 0.11
4 0.19 0.95 0.06 0.1
4 0.59 0.91 0.03 0.08
4 0.63 0.9 0.04 0.1
4 0.67 0.91 0.04 0.12
4 0.71 0.9 0.03 0.09
4 0.79 0.89 0.04 0.09
4 0.85 0.87 0.04 0.09
4 0.97 0.08 0.04 0.06
4 0.88 0.09 0.04 0.04
4 0.82 0.1 0.07 0.09
4 0.76 0.1 0.04 0.06
4 0.73 0.13 0.04 0.07
4 0.62 0.13 0.04 0.1
4 0.56 0.13 0.06 0.08
4 0.48 0.16 0.02 0.05
4 0.46 0.12 0.02 0.03
4 0.44 0.16 0.02 0.04
4 0.41 0.16 0.01 0.04
4 0.37 0.14 0.02 0.04
4 0.3 0.15 0.02 0.06