7 0.17 0.71 0.04 0.06
7 0.43 0.71 0.08 0.07
7 0.88 0.73 0.09 0.06
7 0.89 0.35 0.12 0.11
7 0.6 0.35 0.06 0.07
5 0.28 0.56 0.06 0.09
12 0.9 0.57 0.05 0.12
12 0.78 0.6 0.06 0.09
7 0.1 0.7 0.06 0.05
7 0.14 0.7 0.02 0.05
7 0.2 0.71 0.03 0.04
7 0.24 0.71 0.02 0.05
7 0.03 0.98 0.05 0.03
7 0.37 0.7 0.03 0.06
7 0.49 0.72 0.04 0.06
7 0.55 0.71 0.05 0.04
7 0.76 0.73 0.05 0.04
7 0.96 0.73 0.07 0.05
12 0.85 0.56 0.06 0.09
7 0.81 0.35 0.04 0.04
7 0.54 0.35 0.05 0.09
7 0.35 0.35 0.06 0.08
5 0.23 0.56 0.05 0.08
7 0.24 0.34 0.05 0.06
7 0.15 0.35 0.03 0.07
1 0.23 0.41 0.09 0.08