10 0.31 0.39 0.07 0.06
10 0.41 0.39 0.06 0.05
10 0.48 0.37 0.03 0.08
10 0.55 0.39 0.06 0.08
10 0.61 0.39 0.04 0.05
10 0.66 0.39 0.06 0.05
10 0.73 0.4 0.07 0.06
10 0.84 0.39 0.05 0.08
10 0.9 0.39 0.07 0.07
10 0.97 0.39 0.06 0.09
10 0.26 0.73 0.08 0.06
10 0.32 0.73 0.04 0.07
10 0.41 0.74 0.07 0.07
10 0.48 0.75 0.09 0.06
10 0.61 0.76 0.05 0.06
10 0.67 0.76 0.06 0.07
10 0.75 0.76 0.07 0.07
10 0.81 0.77 0.04 0.05
10 0.92 0.77 0.08 0.07
10 0.98 0.76 0.04 0.06
6 0.27 0.54 0.06 0.1
9 0.88 0.51 0.06 0.11
9 0.95 0.55 0.08 0.12
10 0.08 0.73 0.08 0.05
10 0.16 0.73 0.04 0.05
10 0.2 0.72 0.02 0.04
8 0.31 0.65 0.03 0.05
10 0.54 0.76 0.03 0.04
10 0.18 0.41 0.04 0.04
10 0.22 0.39 0.04 0.04
10 0.08 0.4 0.08 0.05
10 0.06 0.09 0.04 0.04
10 0.1 0.07 0.02 0.02
10 0.16 0.07 0.04 0.05
10 0.21 0.07 0.04 0.06
10 0.26 0.06 0.04 0.07
10 0.35 0.05 0.09 0.07
10 0.43 0.04 0.06 0.07
10 0.53 0.04 0.07 0.07
10 0.62 0.03 0.06 0.06
10 0.71 0.03 0.09 0.05
10 0.79 0.03 0.04 0.05
10 0.87 0.03 0.09 0.06
10 0.96 0.03 0.07 0.05
8 0.24 0.23 0.03 0.03