3 0.34 0.29 0.12 0.11
3 0.44 0.28 0.06 0.11
3 0.67 0.25 0.18 0.13
3 0.97 0.24 0.06 0.13
3 0.36 0.67 0.09 0.13
3 0.5 0.67 0.14 0.12
3 0.79 0.67 0.07 0.12
3 0.89 0.65 0.08 0.11
6 0.27 0.51 0.09 0.14
12 0.85 0.48 0.06 0.15
3 0.13 0.67 0.14 0.12
3 0.22 0.67 0.03 0.07
3 0.13 0.31 0.12 0.1
3 0.24 0.31 0.07 0.08
3 0.5 0.29 0.04 0.08
3 0.06 0.98 0.07 0.05
3 0.17 0.96 0.12 0.07
3 0.65 0.65 0.07 0.08
3 0.58 0.68 0.04 0.09
10 0.71 0.82 0.05 0.07
10 0.68 0.73 0.06 0.07
3 0.96 0.67 0.07 0.11
12 0.75 0.45 0.05 0.06
3 0.87 0.27 0.13 0.13