2 0.3 0.42 0.07 0.11
2 0.4 0.43 0.11 0.15
2 0.53 0.39 0.08 0.12
2 0.62 0.41 0.07 0.11
2 0.69 0.42 0.07 0.1
2 0.77 0.43 0.07 0.11
2 0.9 0.41 0.07 0.11
2 0.3 0.75 0.07 0.11
2 0.38 0.77 0.07 0.1
2 0.5 0.77 0.06 0.09
2 0.59 0.77 0.08 0.11
2 0.69 0.82 0.1 0.14
2 0.87 0.81 0.11 0.17
6 0.76 0.62 0.1 0.14
6 0.84 0.55 0.06 0.09
8 0.17 0.55 0.04 0.07
2 0.2 0.78 0.07 0.13
2 0.15 0.77 0.06 0.11
2 0.07 0.75 0.07 0.08
2 0.1 0.43 0.15 0.14
2 0.21 0.44 0.09 0.12
2 0.1 0.08 0.19 0.07
2 0.26 0.09 0.06 0.1
2 0.33 0.09 0.07 0.14
2 0.48 0.07 0.09 0.13
2 0.6 0.07 0.06 0.15
2 0.71 0.07 0.11 0.13