1 0.25 0.39 0.06 0.1
1 0.31 0.39 0.06 0.1
1 0.38 0.39 0.07 0.11
1 0.44 0.39 0.05 0.08
1 0.5 0.38 0.06 0.08
1 0.55 0.37 0.04 0.07
1 0.61 0.38 0.05 0.08
1 0.66 0.38 0.06 0.09
1 0.71 0.37 0.06 0.1
1 0.85 0.38 0.13 0.09
1 0.94 0.37 0.11 0.12
1 0.31 0.72 0.07 0.1
1 0.38 0.73 0.07 0.11
1 0.45 0.74 0.07 0.1
1 0.51 0.75 0.05 0.08
5 0.35 0.53 0.06 0.09
5 0.41 0.55 0.06 0.09
6 0.89 0.55 0.03 0.08
6 0.94 0.54 0.06 0.09
1 0.1 0.71 0.12 0.13
1 0.07 0.38 0.06 0.12
1 0.13 0.39 0.07 0.12
1 0.19 0.39 0.05 0.11
8 0.92 0.29 0.04 0.03
6 0.85 0.55 0.05 0.04
12 0.76 0.53 0.05 0.06
12 0.78 0.69 0.06 0.06
8 0.73 0.58 0.02 0.02