2 0.06 0.24 0.12 0.21
2 0.18 0.32 0.1 0.21
2 0.28 0.27 0.16 0.2
2 0.35 0.21 0.1 0.3
2 0.43 0.26 0.11 0.49
2 0.53 0.25 0.16 0.36
2 0.68 0.28 0.12 0.43
2 0.81 0.25 0.17 0.18
2 0.94 0.23 0.11 0.15
2 0.96 0.84 0.07 0.32
2 0.81 0.79 0.17 0.23
2 0.88 0.84 0.13 0.2
2 0.69 0.77 0.13 0.18
2 0.58 0.74 0.19 0.26
2 0.5 0.68 0.09 0.21
2 0.46 0.8 0.13 0.25
2 0.35 0.79 0.13 0.23
2 0.21 0.8 0.15 0.3
2 0.1 0.77 0.19 0.24
2 0.04 0.81 0.08 0.11
5 0.08 0.59 0.06 0.09
5 0.15 0.59 0.04 0.06
8 0.9 0.6 0.05 0.1
8 0.86 0.59 0.05 0.08