4 0.22 0.35 0.05 0.04
4 0.35 0.35 0.03 0.04
4 0.48 0.33 0.03 0.04
4 0.54 0.34 0.03 0.05
4 0.74 0.36 0.02 0.03
5 0.29 0.56 0.05 0.09
9 0.93 0.5 0.06 0.06
5 0.33 0.59 0.03 0.05
4 0.27 0.35 0.05 0.05
4 0.31 0.35 0.03 0.03
8 0.32 0.4 0.04 0.05
4 0.05 0.7 0.04 0.02
4 0.4 0.35 0.02 0.02
10 0.4 0.46 0.03 0.05
4 0.44 0.36 0.03 0.04
4 0.59 0.35 0.02 0.03
10 0.68 0.36 0.02 0.04
1 0.84 0.71 0.1 0.14
1 0.47 0.67 0.08 0.11
9 0.91 0.57 0.07 0.09
9 0.84 0.55 0.07 0.12
4 0.79 0.36 0.02 0.02
4 0.82 0.35 0.03 0.03
4 0.96 0.33 0.04 0.02
12 0.79 0.26 0.03 0.05
12 0.82 0.22 0.04 0.08
4 0.75 0.34 0.02 0.02
4 0.73 0.33 0.02 0.02