6 0.43 0.46 0.05 0.11
6 0.44 0.54 0.03 0.1
6 0.47 0.5 0.03 0.11
0 0.26 0.83 0.05 0.12
0 0.31 0.82 0.05 0.15
0 0.35 0.82 0.04 0.15
0 0.44 0.8 0.06 0.18
0 0.5 0.78 0.06 0.2
0 0.57 0.8 0.03 0.14
0 0.6 0.8 0.04 0.13
0 0.64 0.77 0.05 0.15
0 0.68 0.76 0.05 0.15
0 0.71 0.78 0.05 0.18
0 0.76 0.76 0.05 0.14
0 0.8 0.79 0.05 0.11
0 0.84 0.77 0.04 0.17
0 0.88 0.76 0.05 0.08
0 0.94 0.77 0.08 0.15
0 0.97 0.72 0.06 0.11
0 0.92 0.81 0.06 0.08
0 0.2 0.82 0.06 0.12
0 0.23 0.21 0.08 0.12
0 0.33 0.21 0.05 0.12
0 0.42 0.21 0.09 0.15
0 0.5 0.21 0.05 0.16
0 0.55 0.19 0.06 0.17
0 0.59 0.19 0.04 0.18
0 0.64 0.17 0.06 0.13
0 0.7 0.17 0.07 0.16
0 0.77 0.15 0.08 0.14
0 0.89 0.13 0.14 0.2