4 0.18 0.73 0.03 0.03
4 0.4 0.77 0.05 0.07
4 0.5 0.77 0.07 0.06
4 0.59 0.78 0.03 0.05
4 0.96 0.79 0.05 0.06
8 0.39 0.6 0.05 0.09
5 0.9 0.58 0.09 0.09
4 0.22 0.74 0.03 0.04
4 0.27 0.75 0.06 0.04
4 0.36 0.76 0.02 0.04
4 0.55 0.78 0.02 0.03
1 0.7 0.79 0.1 0.11
1 0.78 0.78 0.06 0.11
4 0.89 0.78 0.07 0.04
8 0.84 0.84 0.05 0.06
4 0.94 0.41 0.03 0.03
4 0.84 0.41 0.02 0.03
4 0.79 0.4 0.03 0.04
4 0.63 0.41 0.02 0.03
8 0.33 0.6 0.07 0.07
8 0.31 0.54 0.04 0.04
4 0.04 0.39 0.05 0.03
4 0.19 0.4 0.05 0.03
10 0.86 0.35 0.05 0.07