10 0.23 0.32 0.03 0.04
10 0.29 0.33 0.05 0.05
10 0.35 0.33 0.05 0.05
10 0.39 0.32 0.03 0.06
10 0.47 0.32 0.05 0.05
10 0.57 0.32 0.06 0.06
10 0.66 0.31 0.06 0.06
10 0.7 0.3 0.02 0.05
10 0.76 0.3 0.04 0.05
10 0.83 0.3 0.05 0.05
10 0.87 0.29 0.04 0.05
10 0.92 0.29 0.05 0.05
10 0.21 0.67 0.03 0.03
10 0.27 0.67 0.07 0.05
10 0.34 0.66 0.07 0.04
10 0.41 0.67 0.05 0.05
10 0.47 0.67 0.05 0.04
10 0.53 0.67 0.04 0.05
10 0.6 0.68 0.03 0.03
10 0.65 0.67 0.05 0.06
10 0.77 0.67 0.05 0.04
10 0.82 0.67 0.06 0.06
10 0.89 0.66 0.06 0.06
10 0.95 0.66 0.06 0.05
8 0.26 0.5 0.04 0.06
12 0.93 0.42 0.12 0.11
12 0.78 0.45 0.04 0.05
12 0.76 0.52 0.03 0.05
10 0.07 0.04 0.05 0.06
10 0.19 0.02 0.03 0.04
10 0.12 0.34 0.06 0.05
10 0.18 0.33 0.04 0.05
10 0.98 0.28 0.04 0.07
10 0.73 0.66 0.02 0.04
10 0.56 0.67 0.02 0.04
10 0.17 0.66 0.04 0.04
10 0.06 0.66 0.05 0.04
10 0.02 0.96 0.03 0.02
10 0.06 0.98 0.04 0.04
10 0.1 0.98 0.03 0.04
10 0.16 0.97 0.07 0.04
10 0.06 0.35 0.05 0.05
10 0.42 0.32 0.03 0.05