11 0.25 0.38 0.09 0.12
11 0.44 0.37 0.07 0.13
11 0.62 0.36 0.15 0.19
11 0.52 0.72 0.08 0.18
11 0.75 0.72 0.06 0.08
11 0.42 0.71 0.09 0.16
11 0.33 0.74 0.1 0.13
11 0.92 0.71 0.14 0.18
6 0.14 0.56 0.04 0.1
5 0.74 0.53 0.06 0.1
11 0.15 0.73 0.1 0.09
6 0.2 0.58 0.07 0.12
8 0.14 0.65 0.03 0.05
5 0.69 0.54 0.05 0.08
11 0.72 0.35 0.04 0.05
11 0.76 0.34 0.03 0.04
11 0.91 0.34 0.05 0.1
11 0.97 0.32 0.06 0.1
8 0.98 0.19 0.04 0.1
11 0.35 0.38 0.1 0.14
11 0.11 0.39 0.17 0.15
11 0.13 0.06 0.08 0.1
12 0.42 0.23 0.1 0.09
11 0.27 0.05 0.08 0.1
11 0.39 0.06 0.13 0.13
11 0.5 0.04 0.09 0.09
11 0.62 0.04 0.15 0.08
8 0.58 0.09 0.03 0.04
8 0.49 0.12 0.02 0.03
8 0.78 0.27 0.04 0.05