0 0.28 0.37 0.12 0.11
0 0.4 0.37 0.13 0.09
0 0.52 0.37 0.09 0.11
0 0.63 0.37 0.1 0.1
0 0.74 0.38 0.12 0.11
0 0.89 0.36 0.14 0.13
0 0.4 0.74 0.08 0.12
0 0.5 0.75 0.09 0.1
0 0.59 0.73 0.05 0.07
0 0.66 0.74 0.07 0.09
0 0.76 0.74 0.1 0.11
0 0.93 0.75 0.07 0.12
5 0.4 0.55 0.09 0.09
8 0.91 0.66 0.06 0.07
0 0.85 0.75 0.09 0.11
10 0.81 0.6 0.05 0.06
0 0.32 0.74 0.08 0.09
0 0.22 0.74 0.09 0.13
0 0.13 0.71 0.08 0.09
0 0.06 0.71 0.05 0.12
0 0.08 0.38 0.06 0.1
0 0.9 0.05 0.1 0.09
0 0.81 0.04 0.08 0.07
0 0.71 0.02 0.08 0.05
0 0.64 0.03 0.05 0.06
0 0.52 0.03 0.16 0.05
0 0.05 0.04 0.1 0.07
0 0.21 0.04 0.22 0.07
0 0.38 0.03 0.06 0.06