6 0.59 0.43 0.13 0.18
6 0.48 0.43 0.09 0.12
6 0.48 0.51 0.1 0.08
0 0.3 0.81 0.2 0.23
0 0.15 0.77 0.14 0.16
0 0.05 0.75 0.1 0.19
0 0.13 0.92 0.14 0.17
0 0.51 0.81 0.11 0.28
0 0.61 0.84 0.15 0.28
0 0.71 0.85 0.15 0.23
0 0.83 0.87 0.12 0.26
0 0.94 0.85 0.11 0.24
0 0.94 0.26 0.11 0.21
0 0.83 0.24 0.16 0.25
0 0.7 0.19 0.12 0.3
0 0.63 0.19 0.1 0.12
0 0.55 0.16 0.1 0.16
0 0.48 0.13 0.12 0.11
0 0.43 0.13 0.11 0.12
0 0.44 0.25 0.13 0.11
0 0.33 0.16 0.18 0.26
0 0.16 0.13 0.16 0.21
0 0.09 0.09 0.11 0.13
0 0.02 0.05 0.05 0.09
0 0.03 0.17 0.05 0.11