12 0.16 0.39 0.08 0.19
12 0.09 0.45 0.11 0.24
9 0.81 0.55 0.07 0.18
9 0.89 0.53 0.09 0.24
7 0.02 0.89 0.03 0.11
7 0.1 0.9 0.04 0.07
7 0.15 0.91 0.02 0.05
7 0.18 0.94 0.03 0.05
7 0.2 0.94 0.05 0.06
7 0.29 0.91 0.03 0.05
7 0.31 0.91 0.02 0.08
7 0.42 0.92 0.03 0.07
7 0.38 0.95 0.03 0.04
7 0.91 0.93 0.06 0.1
7 0.84 0.94 0.03 0.06
7 0.68 0.9 0.04 0.11
7 0.63 0.95 0.02 0.06
7 0.65 0.1 0.07 0.13
7 0.49 0.15 0.09 0.1
7 0.42 0.15 0.03 0.07
7 0.25 0.12 0.03 0.11
7 0.21 0.12 0.03 0.14
7 0.14 0.13 0.05 0.15
7 0.08 0.11 0.07 0.14
7 0.95 0.12 0.06 0.07