10 0.18 0.35 0.08 0.06
10 0.24 0.36 0.02 0.06
10 0.29 0.35 0.02 0.05
10 0.34 0.36 0.03 0.05
10 0.37 0.35 0.05 0.06
10 0.42 0.35 0.02 0.04
10 0.46 0.36 0.03 0.04
10 0.5 0.36 0.03 0.05
10 0.54 0.36 0.05 0.06
10 0.58 0.36 0.03 0.05
10 0.62 0.36 0.04 0.05
10 0.7 0.35 0.05 0.06
10 0.76 0.35 0.06 0.07
10 0.82 0.36 0.03 0.05
10 0.87 0.36 0.04 0.07
10 0.97 0.38 0.05 0.07
10 0.14 0.69 0.03 0.05
10 0.18 0.69 0.04 0.05
10 0.24 0.69 0.05 0.07
10 0.29 0.69 0.04 0.05
10 0.34 0.7 0.04 0.06
10 0.4 0.71 0.05 0.08
10 0.45 0.71 0.02 0.04
10 0.53 0.72 0.04 0.06
10 0.58 0.71 0.05 0.07
10 0.65 0.72 0.04 0.06
10 0.76 0.73 0.04 0.06
10 0.82 0.72 0.04 0.05
10 0.86 0.73 0.03 0.05
10 0.9 0.74 0.03 0.04
9 0.26 0.5 0.05 0.08
9 0.31 0.46 0.06 0.08
8 0.79 0.56 0.02 0.03
8 0.83 0.55 0.05 0.07
10 0.68 0.73 0.02 0.03
10 0.95 0.72 0.03 0.05
10 0.48 0.71 0.02 0.03
10 0.11 0.68 0.03 0.03
10 0.05 0.67 0.02 0.04
10 0.09 0.67 0.03 0.04
10 0.27 0.35 0.02 0.04
10 0.11 0.36 0.02 0.03
10 0.92 0.36 0.04 0.04
10 0.64 0.01 0.02 0.03
10 0.48 0.02 0.02 0.03
10 0.37 0.02 0.03 0.03
10 0.34 0.02 0.04 0.04
10 0.28 0.02 0.03 0.04
10 0.25 0.02 0.02 0.05
10 0.19 0.03 0.07 0.05
10 0.11 0.04 0.05 0.06
10 0.04 0.04 0.06 0.07