10 0.23 0.34 0.07 0.05
10 0.29 0.33 0.04 0.05
10 0.35 0.34 0.05 0.06
10 0.43 0.32 0.04 0.07
10 0.5 0.32 0.05 0.08
10 0.56 0.32 0.03 0.07
10 0.64 0.31 0.05 0.05
10 0.71 0.3 0.07 0.04
10 0.81 0.31 0.06 0.05
10 0.86 0.29 0.04 0.05
10 0.92 0.29 0.05 0.07
10 0.97 0.3 0.05 0.05
10 0.2 0.68 0.05 0.05
10 0.25 0.68 0.04 0.04
10 0.31 0.67 0.04 0.05
10 0.36 0.68 0.04 0.04
10 0.41 0.68 0.03 0.04
10 0.44 0.68 0.03 0.04
10 0.51 0.68 0.02 0.03
10 0.55 0.67 0.04 0.06
10 0.6 0.67 0.05 0.05
10 0.65 0.68 0.04 0.05
10 0.7 0.67 0.04 0.05
10 0.77 0.67 0.05 0.05
10 0.83 0.66 0.07 0.05
10 0.92 0.67 0.05 0.07
10 0.98 0.66 0.05 0.06
6 0.56 0.47 0.06 0.09
6 0.63 0.44 0.06 0.09
10 0.17 0.34 0.04 0.07
10 0.04 0.37 0.02 0.03
10 0.06 0.98 0.04 0.03
10 0.13 0.98 0.05 0.04
10 0.18 0.99 0.02 0.02
10 0.06 0.68 0.04 0.04
10 0.12 0.68 0.04 0.05
10 0.39 0.33 0.02 0.05
10 0.02 0.04 0.03 0.05
10 0.06 0.03 0.04 0.05
10 0.11 0.03 0.05 0.05
10 0.16 0.02 0.04 0.04