9 0.38 0.48 0.09 0.19
9 0.38 0.61 0.07 0.07
10 0.05 0.17 0.1 0.18
10 0.03 0.83 0.07 0.3
10 0.07 0.83 0.05 0.13
10 0.13 0.86 0.1 0.21
10 0.38 0.85 0.12 0.21
10 0.2 0.86 0.07 0.18
10 0.27 0.87 0.11 0.23
10 0.51 0.86 0.12 0.27
10 0.61 0.86 0.11 0.27
10 0.71 0.86 0.13 0.19
10 0.81 0.87 0.08 0.24
10 0.89 0.87 0.12 0.23
10 0.97 0.87 0.05 0.26
10 0.22 0.16 0.11 0.23
10 0.32 0.17 0.1 0.16
10 0.46 0.17 0.15 0.25
10 0.61 0.15 0.14 0.27
10 0.72 0.16 0.09 0.23
10 0.79 0.15 0.13 0.21
10 0.89 0.16 0.14 0.28
10 0.97 0.15 0.06 0.22