0 0.2 0.37 0.12 0.09
0 0.37 0.36 0.08 0.11
0 0.47 0.37 0.09 0.08
0 0.74 0.37 0.03 0.07
0 0.82 0.38 0.11 0.11
0 0.9 0.36 0.05 0.1
0 0.25 0.71 0.07 0.08
0 0.38 0.72 0.06 0.08
0 0.5 0.72 0.06 0.07
0 0.58 0.72 0.05 0.07
0 0.74 0.74 0.09 0.07
0 0.88 0.75 0.13 0.11
12 0.72 0.55 0.08 0.11
0 0.18 0.71 0.05 0.08
0 0.33 0.7 0.03 0.06
0 0.31 0.7 0.03 0.05
0 0.29 0.37 0.06 0.08
0 0.55 0.37 0.08 0.09
0 0.64 0.73 0.05 0.06
0 0.61 0.36 0.03 0.09
0 0.64 0.37 0.03 0.06
0 0.68 0.73 0.03 0.05
10 0.83 0.84 0.04 0.05
0 0.97 0.74 0.05 0.08
0 0.96 0.37 0.07 0.09
8 0.79 0.55 0.05 0.07
0 0.69 0.37 0.07 0.08
10 0.65 0.3 0.03 0.04
12 0.35 0.11 0.09 0.11
0 0.09 0.36 0.03 0.05