10 0.06 0.16 0.07 0.09
10 0.16 0.15 0.06 0.14
10 0.29 0.15 0.04 0.07
10 0.33 0.13 0.04 0.1
10 0.38 0.13 0.07 0.14
10 0.46 0.12 0.05 0.15
10 0.55 0.11 0.05 0.18
10 0.6 0.16 0.05 0.09
10 0.64 0.14 0.03 0.1
10 0.71 0.14 0.11 0.12
10 0.82 0.12 0.09 0.1
10 0.88 0.13 0.06 0.16
10 0.97 0.14 0.06 0.17
10 0.12 0.87 0.08 0.17
10 0.21 0.88 0.07 0.14
10 0.29 0.93 0.1 0.12
10 0.37 0.9 0.05 0.07
10 0.48 0.89 0.06 0.07
10 0.63 0.91 0.07 0.15
10 0.69 0.96 0.02 0.05
10 0.8 0.94 0.05 0.08
10 0.76 0.89 0.04 0.12
10 0.88 0.91 0.1 0.13
10 0.96 0.89 0.07 0.12
5 0.58 0.56 0.07 0.13
5 0.65 0.57 0.08 0.18