9 0.38 0.9 0.09 0.08
9 0.47 0.92 0.08 0.09
6 0.39 0.63 0.06 0.05
6 0.46 0.63 0.04 0.06
6 0.52 0.62 0.06 0.05
0 0.19 0.54 0.17 0.27
0 0.28 0.26 0.14 0.12
12 0.48 0.32 0.09 0.08
12 0.59 0.33 0.11 0.09
0 0.28 0.13 0.08 0.1
0 0.28 0.04 0.13 0.08
8 0.97 0.98 0.06 0.05
8 0.75 0.74 0.09 0.08
0 0.76 0.96 0.12 0.08
0 0.75 0.89 0.12 0.06
0 0.79 0.83 0.15 0.08
0 0.81 0.66 0.09 0.08
0 0.85 0.54 0.09 0.07
0 0.83 0.46 0.05 0.07
0 0.84 0.31 0.09 0.08
0 0.88 0.26 0.1 0.07
0 0.87 0.12 0.12 0.13