9 0.2 0.47 0.07 0.14
9 0.23 0.49 0.06 0.1
5 0.86 0.54 0.08 0.12
2 0.11 0.21 0.17 0.28
2 0.19 0.23 0.15 0.23
2 0.31 0.26 0.14 0.24
2 0.43 0.26 0.13 0.24
2 0.52 0.24 0.18 0.13
2 0.62 0.27 0.12 0.24
2 0.74 0.22 0.17 0.29
2 0.86 0.21 0.2 0.4
2 0.95 0.23 0.1 0.28
2 0.95 0.85 0.1 0.24
2 0.89 0.84 0.16 0.17
2 0.81 0.81 0.15 0.28
2 0.72 0.79 0.12 0.3
2 0.57 0.8 0.05 0.19
2 0.51 0.75 0.09 0.17
2 0.37 0.78 0.09 0.27
2 0.29 0.83 0.14 0.33
2 0.21 0.76 0.13 0.21
2 0.15 0.82 0.12 0.29
2 0.06 0.78 0.13 0.25