8 0.05 0.59 0.06 0.06
4 0.73 0.95 0.09 0.1
6 0.49 0.96 0.07 0.07
6 0.53 0.91 0.09 0.09
4 0.77 0.74 0.1 0.18
9 0.56 0.71 0.09 0.09
9 0.59 0.65 0.05 0.03
9 0.6 0.61 0.07 0.07
4 0.8 0.58 0.06 0.04
4 0.8 0.5 0.09 0.08
8 0.56 0.43 0.12 0.1
8 0.59 0.35 0.11 0.1
4 0.83 0.4 0.1 0.09
4 0.83 0.28 0.1 0.13
8 0.64 0.18 0.08 0.07
8 0.68 0.1 0.11 0.12
4 0.86 0.14 0.12 0.14
4 0.87 0.03 0.05 0.07
4 0.32 0.05 0.11 0.09
4 0.29 0.15 0.09 0.12
4 0.26 0.26 0.09 0.11
4 0.25 0.36 0.08 0.08
4 0.25 0.44 0.06 0.07
4 0.24 0.5 0.05 0.04
4 0.22 0.54 0.04 0.03
4 0.21 0.68 0.08 0.13
4 0.17 0.83 0.11 0.16
4 0.16 0.96 0.09 0.08