7 0.77 0.92 0.05 0.05
7 0.77 0.86 0.07 0.05
6 0.39 0.91 0.06 0.08
6 0.3 0.92 0.1 0.06
7 0.12 0.97 0.05 0.06
5 0.42 0.64 0.05 0.05
7 0.16 0.59 0.03 0.02
7 0.16 0.52 0.03 0.03
7 0.17 0.47 0.04 0.02
7 0.23 0.45 0.06 0.03
7 0.16 0.26 0.04 0.04
7 0.19 0.21 0.11 0.05
7 0.22 0.1 0.04 0.05
7 0.23 0.04 0.08 0.05
7 0.81 0.57 0.09 0.08
7 0.82 0.5 0.11 0.08
7 0.86 0.35 0.13 0.12
7 0.87 0.21 0.13 0.08
7 0.85 0.14 0.11 0.06
7 0.88 0.08 0.1 0.09
7 0.89 0.02 0.1 0.03
9 0.62 0.08 0.08 0.11
9 0.48 0.07 0.07 0.07
9 0.42 0.09 0.06 0.05