1 0.29 0.39 0.07 0.1
1 0.37 0.39 0.07 0.11
1 0.44 0.4 0.07 0.11
1 0.52 0.39 0.08 0.12
1 0.6 0.4 0.07 0.11
1 0.68 0.4 0.08 0.11
1 0.78 0.41 0.09 0.12
1 0.87 0.41 0.1 0.11
1 0.96 0.42 0.08 0.12
1 0.28 0.72 0.12 0.11
1 0.45 0.74 0.08 0.1
1 0.53 0.74 0.07 0.11
1 0.6 0.75 0.07 0.1
1 0.67 0.76 0.07 0.1
1 0.76 0.77 0.1 0.12
1 0.85 0.78 0.07 0.07
1 0.92 0.78 0.07 0.07
1 0.98 0.79 0.05 0.09
12 0.69 0.52 0.05 0.07
1 0.05 0.68 0.03 0.07
1 0.06 0.37 0.04 0.09
1 0.11 0.38 0.07 0.11
1 0.2 0.38 0.09 0.12