10 0.23 0.26 0.16 0.17
10 0.38 0.27 0.12 0.14
10 0.55 0.27 0.09 0.13
10 0.67 0.27 0.07 0.12
10 0.77 0.28 0.13 0.15
10 0.88 0.29 0.09 0.14
10 0.97 0.28 0.06 0.1
10 0.09 0.89 0.14 0.18
10 0.23 0.88 0.17 0.16
10 0.41 0.87 0.11 0.12
10 0.55 0.85 0.13 0.15
10 0.64 0.85 0.06 0.09
10 0.75 0.84 0.12 0.16
10 0.87 0.85 0.14 0.13
12 0.16 0.73 0.1 0.12
12 0.23 0.64 0.09 0.13
12 0.1 0.65 0.04 0.09
8 0.37 0.61 0.07 0.1
8 0.46 0.1 0.13 0.2
8 0.32 0.12 0.08 0.07
10 0.07 0.27 0.14 0.16
8 0.91 0.09 0.05 0.08