10 0.05 0.14 0.06 0.16
10 0.23 0.13 0.06 0.16
10 0.33 0.15 0.06 0.11
10 0.45 0.1 0.06 0.16
10 0.51 0.14 0.07 0.12
10 0.61 0.13 0.08 0.15
10 0.76 0.16 0.09 0.14
10 0.83 0.11 0.05 0.14
10 0.89 0.14 0.09 0.14
10 0.96 0.12 0.08 0.13
10 0.11 0.93 0.07 0.11
10 0.04 0.92 0.07 0.12
10 0.18 0.91 0.04 0.06
10 0.22 0.92 0.04 0.07
10 0.27 0.92 0.08 0.11
10 0.33 0.93 0.03 0.09
10 0.39 0.91 0.07 0.14
10 0.49 0.9 0.03 0.06
10 0.53 0.9 0.06 0.17
10 0.6 0.89 0.08 0.16
10 0.66 0.91 0.05 0.13
10 0.71 0.91 0.05 0.09
10 0.75 0.89 0.05 0.18
10 0.81 0.91 0.05 0.08
10 0.85 0.94 0.04 0.1
10 0.95 0.94 0.05 0.12
10 0.9 0.93 0.06 0.11
9 0.39 0.53 0.07 0.1