8 0.33 0.54 0.04 0.07
8 0.33 0.61 0.04 0.08
8 0.29 0.61 0.05 0.15
4 0.21 0.96 0.04 0.08
4 0.32 0.93 0.03 0.06
4 0.52 0.91 0.02 0.05
4 0.47 0.9 0.02 0.05
4 0.8 0.86 0.03 0.09
4 0.83 0.85 0.03 0.09
4 0.75 0.87 0.02 0.05
4 0.91 0.83 0.03 0.05
4 0.92 0.82 0.03 0.04
4 0.95 0.83 0.05 0.08
4 0.98 0.81 0.04 0.08
4 0.97 0.04 0.05 0.07
4 0.92 0.06 0.05 0.07
4 0.87 0.06 0.05 0.05
4 0.8 0.09 0.03 0.05
4 0.76 0.07 0.06 0.06
4 0.71 0.1 0.02 0.04
4 0.67 0.11 0.04 0.08
4 0.58 0.12 0.02 0.03
4 0.06 0.22 0.08 0.07
4 0.01 0.24 0.02 0.03
4 0.36 0.15 0.02 0.04
4 0.37 0.19 0.02 0.04
4 0.38 0.16 0.02 0.04