10 0.19 0.36 0.04 0.06
10 0.26 0.34 0.04 0.06
10 0.33 0.34 0.05 0.07
10 0.39 0.34 0.03 0.06
10 0.45 0.34 0.03 0.05
10 0.53 0.33 0.05 0.05
10 0.62 0.34 0.05 0.05
10 0.65 0.31 0.02 0.04
10 0.72 0.33 0.03 0.06
10 0.75 0.33 0.04 0.07
10 0.86 0.33 0.02 0.04
10 0.9 0.33 0.04 0.05
10 0.98 0.33 0.02 0.06
10 0.2 0.68 0.03 0.05
10 0.24 0.69 0.04 0.06
10 0.28 0.69 0.03 0.05
10 0.37 0.69 0.04 0.06
10 0.42 0.7 0.04 0.06
10 0.46 0.7 0.04 0.05
10 0.52 0.7 0.04 0.05
10 0.59 0.7 0.06 0.05
10 0.65 0.69 0.05 0.07
10 0.72 0.7 0.05 0.07
10 0.8 0.7 0.08 0.07
6 0.38 0.5 0.05 0.07
6 0.43 0.46 0.06 0.09
5 0.87 0.51 0.03 0.05
5 0.93 0.52 0.04 0.05
10 0.16 0.68 0.03 0.03
10 0.05 0.68 0.03 0.04
10 0.02 0.98 0.02 0.03
10 0.06 0.98 0.03 0.03
10 0.1 0.99 0.04 0.02
10 0.13 0.36 0.05 0.04
10 0.06 0.35 0.04 0.03
10 0.22 0.35 0.02 0.04
10 0.47 0.35 0.02 0.04
10 0.49 0.34 0.01 0.04
10 0.68 0.32 0.02 0.03
10 0.78 0.34 0.02 0.03
10 0.8 0.32 0.02 0.03
10 0.83 0.32 0.02 0.04
10 0.94 0.32 0.03 0.06
10 0.02 0.05 0.03 0.04
10 0.06 0.04 0.03 0.04
10 0.09 0.03 0.02 0.06
10 0.12 0.02 0.04 0.05
10 0.16 0.03 0.02 0.05
10 0.18 0.02 0.02 0.04
10 0.24 0.02 0.03 0.04
10 0.28 0.02 0.04 0.03
8 0.38 0.26 0.02 0.02