5 0.52 0.47 0.08 0.15
5 0.56 0.55 0.07 0.13
1 0.2 0.83 0.04 0.07
1 0.43 0.85 0.04 0.1
1 0.51 0.83 0.05 0.15
1 0.56 0.82 0.06 0.18
1 0.67 0.82 0.05 0.08
1 0.71 0.82 0.03 0.08
1 0.74 0.84 0.03 0.06
1 0.81 0.8 0.03 0.07
1 0.87 0.78 0.05 0.14
1 0.96 0.79 0.07 0.1
1 0.92 0.81 0.06 0.16
1 0.93 0.13 0.03 0.05
1 0.9 0.11 0.02 0.05
1 0.72 0.11 0.05 0.11
1 0.62 0.13 0.03 0.08
1 0.5 0.15 0.07 0.07
1 0.35 0.1 0.04 0.07
1 0.23 0.13 0.11 0.12
1 0.14 0.15 0.04 0.06
1 0.12 0.16 0.02 0.05
1 0.06 0.14 0.07 0.13
1 0.03 0.14 0.05 0.14
1 0.09 0.85 0.06 0.09
1 0.03 0.87 0.07 0.16