10 0.17 0.95 0.11 0.11
8 0.08 0.85 0.05 0.05
12 0.47 0.96 0.19 0.08
10 0.7 0.95 0.12 0.09
10 0.74 0.81 0.14 0.17
10 0.75 0.64 0.14 0.16
12 0.44 0.69 0.08 0.12
12 0.53 0.7 0.09 0.11
10 0.23 0.6 0.14 0.25
8 0.12 0.65 0.04 0.04
8 0.07 0.59 0.04 0.05
8 0.14 0.58 0.03 0.05
9 0.45 0.4 0.1 0.1
9 0.54 0.41 0.09 0.08
10 0.29 0.34 0.09 0.21
10 0.8 0.39 0.15 0.14
10 0.77 0.3 0.08 0.08
8 0.86 0.27 0.05 0.05
8 0.16 0.27 0.03 0.04
8 0.19 0.23 0.03 0.03
8 0.08 0.25 0.06 0.04
8 0.06 0.33 0.02 0.03
8 0.29 0.1 0.04 0.06
10 0.3 0.19 0.11 0.08
10 0.33 0.13 0.04 0.05
8 0.12 0.14 0.02 0.02
8 0.93 0.8 0.04 0.03
10 0.81 0.22 0.1 0.08
10 0.81 0.09 0.15 0.17