2 0.18 0.44 0.07 0.11
2 0.28 0.45 0.09 0.13
2 0.42 0.47 0.08 0.12
2 0.52 0.47 0.07 0.11
2 0.62 0.47 0.08 0.12
2 0.78 0.5 0.09 0.13
2 0.88 0.51 0.09 0.13
2 0.27 0.77 0.09 0.13
2 0.4 0.78 0.07 0.1
2 0.47 0.79 0.05 0.07
2 0.56 0.81 0.08 0.12
2 0.65 0.85 0.09 0.14
2 0.76 0.87 0.07 0.14
2 0.95 0.91 0.1 0.17
5 0.31 0.59 0.05 0.07
5 0.35 0.59 0.03 0.05
8 0.78 0.64 0.03 0.05
8 0.84 0.65 0.05 0.08
2 0.93 0.13 0.08 0.11
2 0.78 0.12 0.11 0.13
2 0.68 0.12 0.1 0.16
2 0.56 0.1 0.06 0.11
2 0.46 0.1 0.07 0.13
2 0.36 0.11 0.1 0.14
2 0.24 0.11 0.07 0.13
2 0.1 0.08 0.07 0.07
2 0.1 0.44 0.09 0.12
2 0.18 0.77 0.06 0.11
2 0.81 0.88 0.05 0.14