5 0.49 0.29 0.15 0.07
5 0.51 0.37 0.12 0.05
1 0.14 0.05 0.11 0.09
1 0.13 0.12 0.1 0.06
1 0.13 0.16 0.06 0.03
1 0.16 0.19 0.09 0.04
1 0.09 0.25 0.1 0.04
1 0.12 0.29 0.09 0.05
1 0.17 0.33 0.05 0.03
1 0.13 0.39 0.12 0.07
1 0.14 0.45 0.06 0.03
1 0.15 0.52 0.06 0.02
1 0.13 0.57 0.15 0.07
1 0.11 0.63 0.08 0.04
1 0.16 0.73 0.09 0.07
1 0.12 0.8 0.05 0.07
1 0.18 0.82 0.07 0.06
1 0.15 0.87 0.12 0.06
1 0.16 0.96 0.11 0.08
1 0.86 0.95 0.05 0.05
1 0.85 0.74 0.09 0.08
1 0.84 0.59 0.06 0.05
1 0.83 0.53 0.05 0.03
1 0.84 0.45 0.07 0.03
1 0.85 0.39 0.09 0.08
1 0.85 0.31 0.05 0.03