5 0.49 0.49 0.1 0.22
5 0.56 0.47 0.07 0.15
4 0.1 0.16 0.14 0.11
4 0.27 0.12 0.11 0.11
4 0.35 0.12 0.05 0.06
4 0.42 0.12 0.07 0.09
4 0.54 0.08 0.04 0.08
4 0.65 0.11 0.03 0.09
4 0.71 0.09 0.04 0.06
4 0.77 0.09 0.06 0.11
4 0.9 0.07 0.08 0.12
4 0.14 0.9 0.05 0.07
4 0.09 0.9 0.03 0.07
4 0.02 0.91 0.03 0.08
4 0.42 0.87 0.05 0.09
4 0.36 0.89 0.03 0.07
4 0.46 0.9 0.04 0.15
4 0.51 0.87 0.04 0.09
4 0.62 0.89 0.02 0.1
4 0.69 0.87 0.05 0.1
4 0.76 0.85 0.04 0.09
4 0.83 0.85 0.03 0.07
4 0.88 0.85 0.05 0.09